142,458
64,524
64,524
65,526
78,539
112,569
157,604
196,632
222,649
237,658
243,660
243,659
229,643
203,612
179,581
160,556
147,539
143,533
142,530
145,531
172,546
220,576
256,600
282,616
300,626
306,628
302,617
282,583
252,535
228,498
215,476
208,463
208,459
221,469
242,487
256,501
268,511
272,512
271,495
267,461
263,425
262,393
272,372
299,364
335,366
364,375
381,391
387,413
370,437
332,454
288,459
234,446
185,410
159,370
151,325
155,275
187,238
248,216
306,209
351,211
401,242
406,275
395,319
364,363
325,395
278,410
169,408
132,389
104,366
92,346
89,327
97,311
121,298
153,289
192,285
231,284
256,288
281,327
270,353
244,375
212,388
177,391
143,383
99,335
93,307
99,279
121,258
170,246
226,241
269,247
302,263
322,290
329,326
293,422
278,420
276,401
283,373
309,347
355,327
406,317
444,315
515,342
519,374
515,407
489,446
438,412
474,251
487,258
517,264
549,264
572,259
582,247
581,230
568,208
543,186
504,168
457,160
417,163
391,172
381,187
378,213
379,248
393,300
416,352
448,389
493,420
537,429
567,425
581,410
585,379
579,330
561,269
532,212
501,169
473,146
453,143
440,151
428,167
419,194
415,235
414,290
420,355
458,443
474,450
503,433
503,322
478,315
284,425
306,410
319,388
327,360
116,362
272,302
219,415
384,222
